2.886962890625000000e-02
2.986267089843750000e+00
5.474243164062500000e-01
1.148559570312500000e+00
1.507598876953125000e+00
7.153320312500000000e-02
-1.625396728515625000e+00
-2.438262939453125000e+00
-3.447784423828125000e+00
-1.892852783203125000e+00
-1.143157958984375000e+00
5.550537109375000000e-01
7.740783691406250000e-01
3.016632080078125000e+00
3.258728027343750000e+00
4.287780761718750000e+00
2.831878662109375000e+00
2.688232421875000000e+00
-8.886718750000000000e-02
1.091613769531250000e-01
-3.702514648437500000e+00
2.706878662109375000e+00
-3.354309082031250000e+00
-8.784942626953125000e+00
-5.819732666015625000e+00
-1.878387451171875000e+00
-9.136047363281250000e-01
-4.206146240234375000e+00
-1.142297363281250000e+01
-1.124710083007812500e+01
-8.903533935546875000e+00
-5.565887451171875000e+00
-5.288085937500000000e-01
-1.128692626953125000e+00
-7.233581542968750000e-01
3.340240478515625000e+00
1.295043945312500000e+00
-8.993225097656250000e-01
-6.990631103515625000e+00
-4.832916259765625000e+00
-4.686645507812500000e+00
-4.907775878906250000e+00
-8.733215332031250000e+00
-7.266326904296875000e+00
-3.536712646484375000e+00
-3.385375976562500000e+00
2.238555908203125000e+00
-4.747467041015625000e+00
-5.651153564453125000e+00
-4.052276611328125000e+00
-2.945892333984375000e+00
-5.424743652343750000e+00
-2.122894287109375000e+00
2.096435546875000000e+00
4.780914306640625000e+00
5.106658935546875000e+00
-3.481140136718750000e-01
2.311279296875000000e+00
4.419952392578125000e+00
5.130401611328125000e+00
-6.610443115234375000e+00
-1.085845947265625000e+00
2.309295654296875000e+00
-5.595031738281250000e+00
-4.430877685546875000e+00
-5.033203125000000000e+00
-4.245635986328125000e+00
5.279083251953125000e+00
6.442352294921875000e+00
9.763610839843750000e+00
1.256115722656250000e+01
2.568023681640625000e+00
2.576751708984375000e+00
-5.883331298828125000e+00
-3.498077392578125000e+00
1.878479003906250000e+00
5.182403564453125000e+00
2.633361816406250000e-01
1.585296630859375000e+00
8.785888671875000000e+00
1.088632202148437500e+01
1.123477172851562500e+01
1.129861450195312500e+01
1.360098266601562500e+01
1.712023925781250000e+01
9.881927490234375000e+00
1.077850341796875000e+01
6.831665039062500000e+00
6.360015869140625000e+00
1.133016967773437500e+01
7.119506835937500000e+00
-1.403411865234375000e+00
1.186523437500000000e-01
7.568939208984375000e+00
9.122100830078125000e+00
1.019802856445312500e+01
1.322018432617187500e+01
1.433770751953125000e+01
1.365151977539062500e+01
1.443826293945312500e+01
1.709677124023437500e+01
9.318878173828125000e+00
9.898162841796875000e+00
1.466287231445312500e+01
1.199240112304687500e+01
4.994049072265625000e+00
5.766998291015625000e+00
9.278106689453125000e+00
1.249029541015625000e+01
1.287820434570312500e+01
9.997100830078125000e+00
1.837768554687500000e+00
4.900421142578125000e+00
1.252194213867187500e+01
1.303930664062500000e+01
7.345245361328125000e+00
9.393981933593750000e+00
1.764129638671875000e+01
1.828454589843750000e+01
1.504208374023437500e+01
6.638244628906250000e+00
1.508706665039062500e+01
1.546719360351562500e+01
1.373941040039062500e+01
1.377261352539062500e+01
1.076138305664062500e+01
1.140447998046875000e+01
1.005670166015625000e+01
9.579498291015625000e+00
9.696350097656250000e+00
1.079409790039062500e+01
9.371765136718750000e+00
1.270187377929687500e+01
1.544616699218750000e+01
1.714987182617187500e+01
1.765579223632812500e+01
1.714172363281250000e+01
1.880276489257812500e+01
2.146307373046875000e+01
2.142608642578125000e+01
2.000015258789062500e+01
2.418960571289062500e+01
2.334512329101562500e+01
1.636721801757812500e+01
1.620739746093750000e+01
2.206661987304687500e+01
2.021774291992187500e+01
1.386050415039062500e+01
7.764434814453125000e+00
8.722747802734375000e+00
9.764953613281250000e+00
1.695449829101562500e+01
1.903228759765625000e+01
1.752624511718750000e+01
2.037860107421875000e+01
2.357983398437500000e+01
2.676330566406250000e+01
2.697537231445312500e+01
2.570382690429687500e+01
2.426104736328125000e+01
2.328314208984375000e+01
1.867062377929687500e+01
1.843124389648437500e+01
2.008566284179687500e+01
1.953512573242187500e+01
1.914474487304687500e+01
1.741436767578125000e+01
1.713626098632812500e+01
2.085086059570312500e+01
2.336718750000000000e+01
2.260934448242187500e+01
2.550723266601562500e+01
2.146713256835937500e+01
1.518380737304687500e+01
1.869427490234375000e+01
1.853219604492187500e+01
2.173587036132812500e+01
2.478839111328125000e+01
2.675277709960937500e+01
2.779562377929687500e+01
2.809652709960937500e+01
2.395016479492187500e+01
2.063378906250000000e+01
1.646194458007812500e+01
1.707830810546875000e+01
2.066693115234375000e+01
2.466006469726562500e+01
2.525360107421875000e+01
2.309362792968750000e+01
2.263458251953125000e+01
2.188650512695312500e+01
2.190136718750000000e+01
2.112030029296875000e+01
2.097747802734375000e+01
2.213281250000000000e+01
2.441604614257812500e+01
2.589456176757812500e+01
2.465493774414062500e+01
2.201290893554687500e+01
2.092965698242187500e+01
2.385467529296875000e+01
2.291174316406250000e+01
2.009152221679687500e+01
2.059414672851562500e+01
2.140441894531250000e+01
2.239468383789062500e+01
2.480868530273437500e+01
2.607446289062500000e+01
2.071752929687500000e+01
2.102023315429687500e+01
2.088391113281250000e+01
1.723736572265625000e+01
1.979409790039062500e+01
1.899114990234375000e+01
1.994247436523437500e+01
2.088735961914062500e+01
2.044549560546875000e+01
2.355572509765625000e+01
2.507504272460937500e+01
2.381454467773437500e+01
2.301727294921875000e+01
2.317062377929687500e+01
2.545632934570312500e+01
2.717300415039062500e+01
2.756558227539062500e+01
2.614398193359375000e+01
2.085830688476562500e+01
2.095080566406250000e+01
2.179583740234375000e+01
2.272814941406250000e+01
2.387567138671875000e+01
2.360284423828125000e+01
2.511291503906250000e+01
2.428756713867187500e+01
2.314730834960937500e+01
2.444351196289062500e+01
2.633175659179687500e+01
2.753573608398437500e+01
2.714645385742187500e+01
2.220162963867187500e+01
1.921463012695312500e+01
2.324771118164062500e+01
2.401385498046875000e+01
2.159121704101562500e+01
1.760568237304687500e+01
1.649954223632812500e+01
1.823733520507812500e+01
2.022625732421875000e+01
2.086965942382812500e+01
1.984976196289062500e+01
2.205288696289062500e+01
2.106277465820312500e+01
1.854653930664062500e+01
1.800369262695312500e+01
2.030493164062500000e+01
2.218557739257812500e+01
2.085903930664062500e+01
2.299496459960937500e+01
1.990225219726562500e+01
1.999099731445312500e+01
2.122134399414062500e+01
1.912902832031250000e+01
1.833016967773437500e+01
1.746557617187500000e+01
2.048248291015625000e+01
2.243783569335937500e+01
1.843502807617187500e+01
1.793307495117187500e+01
1.807217407226562500e+01
1.787857055664062500e+01
1.959353637695312500e+01
1.385025024414062500e+01
1.315609741210937500e+01
1.213729858398437500e+01
1.528158569335937500e+01
1.929067993164062500e+01
1.748663330078125000e+01
1.393081665039062500e+01
1.564385986328125000e+01
1.774234008789062500e+01
1.895513916015625000e+01
1.614550781250000000e+01
1.472201538085937500e+01
1.601452636718750000e+01
1.755117797851562500e+01
1.797875976562500000e+01
1.932275390625000000e+01
2.110104370117187500e+01
2.124621582031250000e+01
1.342587280273437500e+01
1.040850830078125000e+01
9.934387207031250000e+00
1.670516967773437500e+01
1.824536132812500000e+01
1.677496337890625000e+01
1.006362915039062500e+01
9.092681884765625000e+00
1.280041503906250000e+01
1.355419921875000000e+01
1.266116333007812500e+01
1.012643432617187500e+01
9.206970214843750000e+00
1.133187866210937500e+01
1.417834472656250000e+01
1.196157836914062500e+01
8.516571044921875000e+00
5.529907226562500000e+00
4.126586914062500000e+00
4.846984863281250000e+00
5.684539794921875000e+00
7.382446289062500000e+00
1.104290771484375000e+01
1.450790405273437500e+01
1.343609619140625000e+01
9.269378662109375000e+00
1.256930541992187500e+01
1.111422729492187500e+01
4.771057128906250000e+00
5.016632080078125000e+00
3.487670898437500000e+00
4.867309570312500000e+00
1.248928833007812500e+01
6.435394287109375000e+00
2.125030517578125000e+00
5.134887695312500000e+00
7.768402099609375000e+00
6.528015136718750000e-01
-1.061309814453125000e+00
5.421142578125000000e+00
6.554290771484375000e+00
6.137084960937500000e-01
-3.874816894531250000e-01
1.162261962890625000e+00
-5.116577148437500000e-01
2.908325195312500000e+00
6.281097412109375000e+00
5.276519775390625000e+00
1.510101318359375000e+00
2.967559814453125000e+00
7.684173583984375000e+00
4.520660400390625000e+00
4.171447753906250000e-01
-6.440734863281250000e-01
1.498382568359375000e+00
8.137847900390625000e+00
7.784332275390625000e+00
5.060455322265625000e+00
6.114105224609375000e+00
4.057403564453125000e+00
1.012454223632812500e+01
1.243289184570312500e+01
3.878997802734375000e+00
1.604309082031250000e+00
-4.130920410156250000e+00
5.694274902343750000e-01
3.584930419921875000e+00
-2.052825927734375000e+00
-1.928771972656250000e+00
2.561340332031250000e+00
4.899536132812500000e+00
6.082153320312500000e-02
2.678680419921875000e+00
3.499206542968750000e+00
5.427459716796875000e+00
7.741271972656250000e+00
